[3, 3]
[3, 2, 2, 2]
[3, 3, 3]
[3, 3, 3]
None
[3, 3, 2, 2, 3]
[3, 3, 2]
None
[3, 3, 3, 2, 2, 3]
[3, 3, 3, 3]
[3, 3]
None
[3, 3, 3, 3]
[3, 2, 2, 2]
[3, 3, 2]
[3, 3, 3, 2, 2, 3]
[3, 2]
None
[3, 3, 3, 3]
[3, 3, 3, 3]
None
[3, 3, 3, 3]
[3, 2, 2, 2, 2, 3]
[3, 2, 2, 3, 2]
None
[3, 2, 2, 3]
[3, 3, 2, 2, 3]
None
[3, 3, 3]
[3, 3, 2, 2, 2]
[3, 3, 3]
[3, 2, 2]
None
None
[3, 2]
[3, 3, 3]
None
[3, 3, 3]
[3, 3, 2]
[3, 3, 3, 3]
[3, 3, 3]
[3, 3, 3]
[3, 2, 2, 3]
[3, 3, 2]
None
[3, 3]
[3, 3, 3, 2, 2, 2, 2, 3, 2]
[3, 3, 3]
[3, 3, 3, 3]
[3, 3, 3]
[3, 2]
[3, 3]
None
[3, 3, 3]
None
[3, 3]
[3, 3, 3, 3]
[3, 3, 2]
[3, 2, 2, 2]
None
[3, 3, 2, 2, 3, 2]
None
[3, 3, 2, 2, 3, 2]
[3, 3, 3]
[3, 3, 3]
[3, 3, 2]
[3, 3, 3]
[3, 3, 3, 3]
[3, 2]
[3, 3, 3]
[3, 3, 3, 3]
None
[3, 2, 2, 3]
[3, 3, 3]
None
[3, 3, 2, 2, 2, 2, 3, 2]
[2, 2]
[3, 3, 3, 3]
[3, 2, 2, 3]
[3, 3, 2]
[3, 2, 2]
[3, 3, 3]
None
[3, 2, 2, 3]
[3, 3, 2, 2, 2, 2, 3]
[3, 2, 2, 3, 2]
[3, 3, 3, 2, 2, 2]
[3, 3, 3, 3, 2]
None
[3, 2, 2, 3, 2]
[3, 2, 2, 2, 2, 3, 2]
[3, 3, 3, 3]
[3, 2]
None
[3, 3, 3, 3]
[3, 3, 2, 2]
[3, 2, 2, 2]
[3, 3]
[3, 2, 2, 3]
None
{None: 21, 2: 6, 7: 6, 3: 22, 4: 21, 8: 6, 10: 1, 6: 8, 5: 2, 14: 1, 9: 3, 13: 1, 11: 1, 12: 1}